18467
1322
29243
3184
2535
3366
510940
78264
24661
8171
6855
3666
17050
599649
4701
6743
3962
4795
2973
64022
18664
1758
41644
14437
144854
113962
21432
10706
4590
284832
76649
320164
7474
35216
48375
62076
7111
4964
2692
5842
1958
861
10204
25139
3076
33530
38373
6595
27284
4360
3572
21007
16156
4267
7123
5782
527
22630
7654
2626
6671
6894
5437
1261
14781
3197
2706
47376
3577
4716
8514
219531
8968
3281
24159
21689
10584
1968
2919
33848
734
80296
909
3003
30844
3002
2818
10390
96945
13587
5386
17597
10312
7352
6717
14757
1358
19524
5129
11758
357762
7667
1947
6285
14867
591368
13331
10398
9551
3299
10515
108737
3486
8802
2159
1687
26335
6179
8819
27491
13476
3905
7108
1177
6290
8196
105737
5893
17507
2125
510
7767
139366
9114
91536
79691
5621
24653
4225
5542
36036
8196
1006
48231
15712
52381
49381
11434
2568
210458
1474
13548
6270
23395
6921
2744
4171
351091
15766
31363
2945
7005
3692
7783
22069
4287
94090
12529
10011
20740
209282
742
7214
50715
4564
54080
4413
10172
7245
6204
29870
2006
1424
14961
2246
517200
533
17187
97434
1460
39263
9299
1189
48447
4870
4081
8505
15755
6766
171249
18004
36217
19525
589
3399
13123
105157
11944
100101
2068
16039
6067
28961
15974
112827
5556
71080
3886
5402
14712
19040
7972
72007
57770
7444
10723
14047
75394
12713
22079
3713
78153
51350
14996
7078
3996
7360
16075
4934
9949
19592
79633
7762
16715
58290
10999
7212
181072
2604
77069
1826
1384
9785
7560
4743
8310
15483
8060
49818
112790
25683
4969
2538
21089
5354
6945
6650
34968
3851
4179
175934
7908
7460
342572
3812
77134
294063
1410
1474
12465
8459
2018
41374
5527
21742
3682
5253
4226
6182
1970
4856
28250
13584
9279
8831
16543
27568
37617
506
21038
20481
57623
7258
3453
7290
175125
6179
461834
2779
10816
2354
12611
15818
64865
4634
1836
19243
1175
22096
5393
7949
8604
6726
8179
13443
6984
21648
18100
8874
12115
2826
6037
18774
29202
21754
78985
8427
7713
72480
3404
5669
4616
104089
7354
18551
5470
106363
228509
325797
3252
11967
11968
2729
3814
6209
10515
14839
3082
5440
14187
3220
1348
48416
4068
8815
6556
7500
8178
774
6017
88402
169898
3550
1460
11815
5255
104700
1997
20694
11333
119344
5039
6510
42695
2306
857
10035
5910
12680
3919
3061
36875
1358
4931
10394
1945
545800
4292
29240
11410
25253
7301
6831
50703
3033
11443
210209
6968
79830
2229
5918
21070
15101
6946
17369
6885
6778
11811
16661
21350
269861
57413
5318
5855
31185
53660
31761
1762
7797
352778
424517
4237
1475
1884
58786
3858
8732
13565
643173
16722
40759
5432
375909
45476
22365
13046
3770
40564
18862
2311
42434
2842
6167
4001
25500
71524
44929
2866
2190
4177
5033
5964
9528
22257
3430
14647
8126
4782
18146
3334
2091
5136
4692
490
4525
16815
142775
5873
40834
9417
9706
15885
1502
203083
109582
12504
18684
5145
4609
6250
15252
2855
259438
5525
2677
87363
153630
8542
5299
26086
10402
14658
383965
1784
2556
4734
13663
38717
4565
2543
15633
6404
8266
6088
24029
25384
8422
360762
2199
20443
193897
5792
6408
4206
9088
6329
48871
5728
22211
7376
6808
27804
30009
5518
9072
29799
11606
26364
5328
3480
18702
19692
2700
2939
91822
3794
14991
34470
13351
6824
18617
14814
6421
3962
28875
36661
553336
9920
39809
2861
5089
16816
50294
8302
15547
37728
114254
4609
130160
279753
132667
4762
20858
9813
69264
20075
8920
2758
11669
1567
10686
16754
120793
3287
252087
5703
16303
4744
57271
8010
1395
1390
10185
4676
119201
9439
7190
9540
71905
40979
5349
71882
35154
28769
36598
1820
17428
542858
11063
12829
15079
6003
51467
8132
25077
94572
6278
293574
4149
7838
12198
412929
77114
37747
16582
1755
70861
37589
3602
48179
10531
27386
17624
6498
19255
3477
17336
21545
6095
16128
2332
52029
46364
16338
3277
2621
2958
75825
24155
11644
4594
154249
18545
18791
11106
47664
2209
19523
1590
38722
57220
1456
1407
30722
75172
3801
34263
41080
14707
133478
18776
13045
5798
1423
4507
10059
21316
13533
1694
1265
24261
60387
16382
1361
55250
1271
41728
2540
2683
2707
159
64675
13956
64160
1314
2747
50815
7055
35409
33405
15658
60112
21880
4355
33925
3659
1310
18869
105599
12014
3715
7029
10976
37261
10238
15609
32454
3433
690
12039
21881
2847
15072
2080
7457
5982
3086
17199
10442
13476
16193
12418
11745
9242
6988
98037
831
602
213715
1769
9220
3771
113027
11135
7407
14193
6423
2238
11414
7948
10824
2879
599
31422
11252
14623
45589
5654
13895
9279
52250
8233
3334
2299
26066
3951
18994
1753
17239
58906
7919
901
124224
96323
6268
50045
983
33258
6940
42379
299808
3951
3590
136654
6195
27042
3142
199513
2528
2273
18694
12223
14540
12123
625720
43000
1918
4966
14158
249937
5629
10574
70499
18850
4968
4507
19086
12714
6576
11939
42471
281658
6115
38123
10043
5697
180265
17157
3945
3574
5113
17048
304729
5577
8872
19911
21153
2250
2190
22208
80228
24074
3835
13772
5424
5234
14422
33256
18533
2811
2691
14955
7242
5036
76246
17587
6391
6676
762
22891
4850
1095
335017
662832
5218
12443
1483
232034
10531
9268
15823
191962
37342
4591
5325
79399
10137
19762
4732
36813
176735
2378
134507
6304
178521
11842
2837
1959
11623
35568
140753
627021
1687
180750
2332
9491
44186
9534
10469
3745
14563
15894
16559
59860
49037
8108
25715
11292
3359
14189
8489
5158
8417
22514
11903
1748
7976
7061
9494
90584
7952
42613
5513
2345
5903
20791
11416
3988
2363
683
8523
8609
36536
7139
87432
1137
37225
15164
79590
16122
2183
3242
25000
114962
74384
583
228659
1818
20579
13775
6038
9180
12315
1678
56134
7954
12887
5972
4159
75637
41394
2634
11149
2115
10137
4483
5669
33218
15193
17935
20477
4099
55153
106021
9776
8149
26556
25949
13443
4716
18675
55364
13984
186
159473
6568
7857
4517
13453
4356
26116
6405
862
10598
652
5283
765421
17438
1739
3662
201425
937
4094
10667
4010
150543
16151
17268
50149
4543
1420
16795
29220
11906
83161
170868
228420
4097
8912
8436
37030
18622
94198
4283
7556
75258
16690
141218
5214
4750
2896
4902
82329
11317
1896
46231
12727
10724
27127
14634
12529
51942
4008
4766
8856
2147
2024
43787
13572
172509
151609
2550
31974
74253
945
4150
11852
12448
2576
7949
25852
1076
18499
9250
12912
10924
2398
17195
75043
11423
2930
179266
37318
1945
7630
279917
26157
10305
395000
3357
2955
27057
4470
983
16964
80727
5756
4263
7648
273609
47068
41365
11709
978670
7809
67987
17791
15049
4297
129803
23497
1362
6956
42818
22101
11764
808
2336
4269
29618
25344
16442
356545
10736
1809
5331
10832
6931
290111
8675
32652
2429
15743
15912
12176
18255
2537
5147
497
9616
8748
5211
8829
24811
1926
96472
13765
9477
8125
3703
182918
2707
2133
8032
2203
53018
17250
146401
2974
46537
109326
2243
773983
2020
1160
17415
9566
3413
3844
17477
2741
8480
145787
37278
76492
46903
4363
19139
13415
2723
18473
96455
121829
19936
16661
2363
15300
51460
14959
5104
2381
15344
11144
16839
326424
3554
14034
42737
2404
18713
11764
20693
8176
4219
56286
13290
24676
11449
9162
871
65991
8748
4858
11660
18825
22185
14404
3959
9760
4926
6879
37124
2602
7297
203153
1335
2119
9959
38813
34971
48910
169400
437
30124
27768
6016
58327
13160
4447
32493
6862
28955
47741
47138
5670
498697
2565
44122
2011
21513
29451
10912
17334
12163
16661
6032
3599
10658
3850
5165
9871
34963
24509
1791
4427
1077
5266
13984
105738
1707
74390
21087
12910
1259
9202
10823
29902
7412
1997
20325
32217
3004
11659
19029
11115
3522
5396
3727
5063
87151
57550
127497
8830
4311
33195
4943
12129
5538
28378
46556
26474
7045
1063
6934
16420
2166
8021
110825
1165
15472
7534
3463
1089
16795
31770
2402
30446
12609
44137
163387
124402
11177
13492
3562
120296
18113
1700
19683
3420
100657
12098
88115
73648
31094
8001
5054
554711
7727
22401
2611
26958
8474
8789
81668
20335
12223
3960
2928
141332
46819
19979
6200
5791
194988
32061
6197
750649
165619
2230
10909
14217
2926
42030
16061
8189
71065
17231
42226
26861
6260
10744
37937
59817
11972
22691
85892
48736
5314
3772
9530
29676
41010
1023
4226
13632
14879
6837
2055215
23090
2477
220437
68432
34444
29311
2413
9515
175288
4036
5262
10503
50570
44048
98060
6256
1342
5772
298470
18948
94872
8195
2333
16280
10100
7524
4147
6058
7003
8503
83312
12001
672644
3437
2352
7985
64601
16625
1044
25239
3486
134076
9579
48442
6252
8053
3639
361070
8842
10564
620
2484
10093
314337
232291
34250
18893
8592
33213
3665
22871
19145
66036
13647
44212
3814
10656
2513
68320
23110
54724
7166
113425
11896
25571
4100
89236
10949
16186
9181
1175
239151
261468
7985
84878
24881
4707
109237
7306
15310
18528
18239
164777
17440
19697
16794
6563
7215
45577
44994
10566
19367
433
9892
15798
7912
17534
20837
6786
8557
7553
138388
13461
3165
31246
20563
9596
8486
15080
196332
46144
1582
1722
42309
27218
9336
21623
376140
13250
73860
4979
16127
45126
11259
97314
64190
15063
32284
2237
13778
16015
6552
1699
15918
22155
3295
94724
6897
1969
10817
53368
19076
2157
17886
14106
52169
5011
13581
77994
32504
6209
1492
1982
25210
10359
39449
4185
5629
31519
9185
8506
201710
21331
36919
8423
451
6039
3445
5693
9938
9584
2945
18813
37913
3232
3619
1230
9469
27350
3831
3759
24463
7033
23650
3778
15535
5360
7819
23399
259592
11641
12905
63615
7440
6782
16633
31893
25399
127403
36027
4101
79036
6913
4971
1391
12796
11144
1763
5982
5488
27832
8872
4276
5191
18387
2820
4487
6543
8008
7658
8685
168422
17398
3580
2867
17400
18424
153031
9059
10333
65350
7837
2314275
3956
24151
17914
7259
2571
6389
23481
2051
8013
4148
35563
16082
2484
57668
6563
17693
4309
4361
60731
21964
8654
21580
4664
16043
15689
5038
51849
686
1013
7678
13349
16345
2315
4939
9854
35563
3464
15959
42605
6237
1030
7279
2190
24007
10894
33559
1219
39080
7700
69154
6191
617
86000
4630
196135
5105
3436
1118
378506
2602
3707
6633
21151
18140
72770
70082
10353
3617
4349
65187
62463
5815
5489
24232
7774
10572
13039
16678
3123
4297
63347
4050
23472
1232
26429
5093
39529
18533
3933
57700
10896
2053
24443
27451
4010
6468
127827
63078
55340
1853
59620
7761
22087
10221
16548
1485
3563
13930
319
3786
21692
1297
68849
60597
514
18504
10936
74996
4040
6368
27072
123943
10597
31907
54663
57365
3989
24714
1867
5727
27749
45048
3183
12130
20475
1712
7895
49594
43744
4053
7926
6552
8017
3279
15112
16363
66286
6278
9226
5002
17128
4542
6870
170505
13036
72299
5738
141088
6367
7777
16581
23765
14604
106518
975
12710
11301
6322
2077
3316
99208
27871
13278
2084
19642
3482
8027
23599
26364
9245
1137
78995
4991
5350
3035
13123
25575
383248
8513
2587
5768
181388
3773
11029
932
34462
2613
53813
2951
10107
178831
14135
3792
1535
7279
390
7142
3757
12085
3482
6532
11771
7645
17232
6123
550
10662
23504
3806
7282
37712
5293
25638
15434
9778
77657
5025
1308
10383
55102
8110
8794
17532
9831
266637
45752
5261
22919
83773
9060
12108
3578
16382
56867
949
9165
7754
503493
11691
10055
4628
7890
19554
241818
93805
92027
6772
4946
5292
2473
4452
9245
8247
6472
43474
14571
21596
8519
13860
67255
5708
767337
5253
4875
5804
6522
13057
2395
2294
2551
358857
1114
43893
10467
11437
18730
4816
14277
17795
1206
8398
125966
3489
1247
4454
11095
35349
427
9166
408300
1978
8423
1448
103789
60167
10663
10579
1511
6686
1154
38104
29723
2053
8791
4501
2766
31032
4216
2651
17592
18994
9479
6024
19306
6957
9056
20601
3339
20475
20159
189099
35068
22063
16265
6313
3567
5667
40088
7613
8837
24179
195587
42324
6686
3353
19880
9552
20761
14567
4642
20993
14216
73968
4674
13709
5206
15848
11217
10387
6339
5932
6433
4109
16946
6289
43113
2369
8386
18127
12673
92780
5208
1688
5283
46874
48818
1440
2367
9881
933
3097
1675
15680
19636
43445
3453
3831
13025
309529
43147
10413
2029
10049
57278
12831
13497
4346
8678
64
5923
2413
7202
14854
14926
4525
3483
2981
1279
291010
1296
240814
224377
31284
10973
10042
23304
1511
15807
465
4040
80273
8869
46641
10494
575
3526
11945
26190
9286
9406
15210
93999
5994
13982
7268
18158
21315
27660
84553
24637
5499
15096
16333
11389
9808
4650
2443
14001
8492
8692
9483
33697
22604
39761
12214
25793
10213
110419
23783
410279
6134
847
7566
7988
337297
19303
13810
3793
2132
5978
4201
18287
5192
5215
428734
35730
286
95162
558
30181
18008
12995
20513
4759
3379
246199
16887
81451
4422
9950
2172
38824
81708
831
25940
12790
3340
23448
10699
3560
7962
13690
7529
399219
592
8719
13717
72013
19046
1435
28967
1871
12422
18646
2074
193500
24051
111827
8300
22605
3740
1096
127609
2604
4577
181740
140731
2706
3682
125644
8559
31663
1947
5699
4513
282435
8607
3312
12087
1873
29287
35256
56413
157728
7010
264168
12902
3746
3212
22860
30537
6572
8899
105969
7410
14688
42186
17090
1364
9435
20997
7345
7311
114664
3615
10946
8633
1255
13854
6346
23491
1302887
5871
3175
2393
4807
191684
74189
414
246068
11680
2835
7469
9634
3286
4915
18693
434970
36754
29855
94073
13763
633
12195
47746
70133
105577
6756
10904
313273
260304
53426
3609
8291
263
45261
8559
5232
6718
11852
11854
663255
45266
777
3613
61489
29764
11374
4213
16392
4460
12807
7129
365
10175
39970
51094
91804
5008
23762
9702
1459
6025
2448
4630
7375
4577
1636
6693
44699
103596
1064
40555
2484
66229
3148
3651
37638
13083
6250
10255
11638
5328
6347
5061
2599
4761
124389
9684
1657
9855
94262
3130
7289
8479
4311
12127
10438
2102
5451
853
1969
9503
62287
62313
48753
2023
53739
28828
84879
5575
19895
3523
311474
31180
26766
984
6762
491520
5572
1187
18942
13588
11251
50623
9560
3765
13140
26506
5024
5275
26492
12923
12675
7602
4206
200247
1415
2107
5885
701
9960
12706
2895
5453
382
78255
15781
15156
78263
1067
6313
3689
12598
3635
4717
1421
48550
83876
769
23910
36905
9353
6096
16140
283828
12513
17700
9431
17517
323931
14693
7958
7462
4998
6934
25491
19448
8975
4664
2200
1381
16600
7767
3143
29063
10115
37764
13270
2348
3859
2583
6520
967
26509
10267
74773
16113
394
7925
10197
25968
10761
12658
4642
29636
3698
12163
174485
8594
136112
12928
2784
2596
9410
2954
69324
23798
26805
61567
1201934
3860
18011
7313
4639
8768
13592
136392
7577
27392
7635
164060
104241
19373
236269
10435
7490
123994
12633
29711
1892
10088
26533
27868
11955
680227
45116
2768
29108
8121
8086
5082
14607
18659
4076
3168
9380
40337
3787
47467
8458
1974
283
13671
313
5532
22910
282668
303517
7608
19389
2762
7962
25648
120199
1230
3124
586038
15177
47938
5949
9089
3621
27051
12423
78807
4151
8173
2279
13949
31687
1056
11961
39945
10376
9555
15148
6006
14698
242939
9902
10685
942
16490
4794
3243
10835
40133
4708
10386
8374
10709
7114
12634
61493
19074
903
6664
42770
3017
3172
3032
7458
2417
9350
779
5909
11779
61629
4771
1791
10430
18730
260367
29609
13172
15187
1656
109452
4569
105814
7425
6894
23939
583230
7355
423
15815
14747
1423
3360
4851
11414
10574
8228
4061
9144
64507
151925
511
2153
6833
91002
5150
8790
10377
280272
2317
1606
8025
792
28600
1825
33791
2921
8636
3598
5487
13766
57270
201592
16938
8936
2049
62785
38119
883231
15687
22182
12906
13440
6966
3876
28654
167209
7818
19484
26510
5419
9113
7839
4167
11736
16521
4260
12346
595072
22029
2663
1142
8365
85741
3578
4174
7348
4945
17847
161966
8997
23024
13743
30362
1325
4807
8468
184084
18619
27941
5714
15078
1047
7975
5069
74952
1065
18045
3976
285683
23814
3904
269161
305281
6438
93878
16617
2609
3654
3402
10245
10966
31983
10988
63221
74101
25538
6022
3064
293287
27144
8089
3920
3035
103958
6186
65944
1409
934
407173
69852
22748
51104
17554
4952
8151
34041
5497
699
459
3093
23021
9509
26328
1300
8085
62750
59559
22182
12936
182136
17778
1765
89360
10123
6664
61916
24035
2973
970
9731
2688
11234
1418
3233
7952
116839
19200
44955
12171
26920
52932
248848
32897
1000
12825
860
5717
6995
4822
12642
19557
77263
2558
8520
1017
21206
3225
2288
5465
127902
175850
13350
897
14530
11120
124503
28696
25016
28786
111260
21580
766
39569
6822
709
26120
110804
28992
23292
12524
10247
19009
65999
1175
380972
3134
18731
9761
56838
16538
37987
5214
9867
441
2014
13385
77781
31471
36730
26916
8223
11761
42933
14929
830206
1044
9187
7457
3563
2342
13547
15279
17244
24691
20133
3034
22633
45895
7575
1553
139981
27124
3864
208980
35733
8256
49411
106013
20556
4812
13464
62971
79897
74876
793
9385
4847
4454
8246
8771
3243
200220
7261
6698
19617
4143
13924
14698
19563
36373
36180
1448
14202
63064
17149
2410
5870
23840
15929
70582
43557
715
132731
19496
3836
22768
9098
657235
11621
639
9143
13729
19572
19136
4444
4997
8418
295871
10990
7969
11402
7284
462511
71957
12324
1940
6151
1605
4601
1046
55686
6359
6894
34263
10765
219385
211572
35727
8765
952
4405
49824
133790
16890
9714
21398
3914
6535
331861
78919
15623
2917
4162
32838
24626
49991
12966
3390
200524
2024
4862
427489
30156
39991
50062
13605
4297
24857
5771
949
16674
18495
760
44636
171876
10077
13239
2824
6740
1440
12129
15572
5538
34062
61315
34044
93678
32692
2684
10456
145405
2687
187201
124527
2748
6935
27255
4062
6932
822837
15893
1429
39400
12255
1579
19321
3365
3731
17481
25417
30265
12948
7589
19127
25231
5271
22611
7806
3390
6433
19924
28721
4978
61356
6368
19917
9693
23272
5239
7573
13261
4020
6772
9140
11696
768383
7608
7510
11471
32701
7641
4779
35747
3375
5875
17350
2708
16818
40425
5120
18059
115068
4498
4279
12472
1599
19030
12588
70542
24633
17935
62083
18641
39454
28015
8131
5977
5157
20875
24661
7378
9315
249560
1933
3970
6393
14203
900
4642
45169
7563
14032
9131
7813
418773
468
79277
5778
67900
42523
5932
28250
69567
9108
2082
168734
6238
14767
25749
4192
5079
373433
2256
10948
45465
7579
1054
2372
24193
17111
10130
17989
977
102740
6336
8535
9176
357781
12108
26298
22430
12150
11888
31346
28330
2630
387
2958
23372
38392
11513
172990
746295
11435
1757
7464
6294
4744
1909
51971
1123
968
8576
14639
10564
1031
10309
33636
34965
5923
32389
9494
10396
117240
44221
1002
6599
1845
16487
18537
4578
15674
13282
140145
89196
246557
1851
16701
1149
8507
15213
14680
24332
306270
56810
190653
69345
5223
17819
854
41929
2132
20785
5308
1996
7035
37593
10723
31534
13896
4009
9386
142843
18905
12898
10742
77465
47283
10935
3562
15215
1328
